1778509699231 0.6481243685003704 1
1778511114353 0.6747091386665756 2
1778512551477 0.6915567402456836 3
1778513949491 0.7317669467654767 4
1778525268676 0.735904113622889 12
1778526592191 0.7372840601368554 13
1778528017949 0.7403956604821641 14
1778529455662 0.7455033840888344 15
1778532222271 0.7475496397180152 17
1778533649977 0.7580104801171386 18
1778537860445 0.7625723807799574 21
1778543509310 0.7739711895383009 25
1778554786240 0.7757193786886275 33
1778556185603 0.7762921960066649 34
1778557697345 0.7858834023160892 35
1778575378191 0.7886149445976648 47
