1778509698770 0.35382955771178054 1
1778511113859 0.4910714285693407 2
1778512550857 0.6802431610900898 3
1778513949005 0.5978413890164344 4
1778515284694 0.6263902932223135 5
1778516721631 0.6202143950963747 6
1778518182485 0.6755476613340702 7
1778519655693 0.6634566649738295 8
1778520991401 0.6461693548354528 9
1778522400198 0.6668383110161337 10
1778523835454 0.5873741994483652 11
1778525268187 0.6135351736392987 12
1778526591689 0.6410256410224182 13
1778528017450 0.5842403134497857 14
1778529454984 0.5854282062182129 15
1778530884968 0.7499999999957094 16
1778532221786 0.7206280454752538 17
1778533649491 0.6608517188267786 18
1778535075846 0.674792531116832 19
1778536537832 0.6727922409358204 20
1778537859957 0.6302108876869534 21
1778539264412 0.6269335759753097 22
1778540705780 0.664077669899689 23
1778542161678 0.619423791818683 24
1778543508819 0.6062152133552587 25
1778544889684 0.6411910669943366 26
1778546338857 0.6394393426745315 27
1778547788296 0.6823347107402772 28
1778549162291 0.692147685903837 29
1778550518879 0.6870466321207925 30
1778551962175 0.5793310463096941 31
1778553409919 0.7069616837522561 32
1778554785753 0.7057602490881901 33
1778556185089 0.7302665969642955 34
1778557696823 0.6789758739503744 35
1778559219294 0.6809692074675368 36
1778560652922 0.7303790710051768 37
1778562073398 0.6984374999963624 38
1778563595609 0.6982803543475858 39
1778565176923 0.6656920077940269 40
1778566674782 0.7082912032320107 41
1778568183681 0.6703241895228413 42
1778569705216 0.6958270487647269 43
1778571210039 0.6756109247691634 44
1778572551485 0.6722138174449208 45
1778573931646 0.6770370370336937 46
1778575377727 0.7100861631996448 47
1778576831893 0.6689895470349976 48
1778578207001 0.6875323331573331 49
1778579562791 0.6586444007826197 50
