1778509698770 0.45949100641734786 1
1778511113859 0.6037637171629257 2
1778512550857 0.7009082317681541 3
1778513949005 0.6999999951421523 4
1778515284694 0.7193033332770972 5
1778516721631 0.7000864255023984 6
1778518182485 0.72444443946604 7
1778519655693 0.7533812900515477 8
1778520991401 0.72655142607354 9
1778522400198 0.7498552353742511 10
1778523835454 0.6991559984443624 11
1778525268187 0.7246910285549951 12
1778526591689 0.7367812721948596 13
1778528017450 0.7052023073493536 14
1778529454984 0.7108122042272292 15
1778530884968 0.8040478331075113 16
1778532221786 0.781791478144496 17
1778533649491 0.7462340622865564 18
1778535075846 0.756175525437411 19
1778536537832 0.7671711243139494 20
1778537859957 0.729906271746939 21
1778539264412 0.735325502082568 22
1778540705780 0.7576848469367448 23
1778542161678 0.7306111214930816 24
1778543508819 0.7224986132009843 25
1778544889684 0.7489855023833498 26
1778546338857 0.7485148466264012 27
1778547788296 0.7711616996920259 28
1778549162291 0.7813325457094819 29
1778550518879 0.776801401056177 30
1778551962175 0.7032795371304721 31
1778553409919 0.785371697694688 32
1778554785753 0.790927590299384 33
1778556185089 0.8079814872439715 34
1778557696823 0.776027006915459 35
1778559219294 0.7706369559506149 36
1778560652922 0.7983659127509489 37
1778562073398 0.7867409748347676 38
1778563595609 0.7866157860938905 39
1778565176923 0.7648376210864709 40
1778566674782 0.7948936120915158 41
1778568183681 0.769759445277435 42
1778569705216 0.7899543329865298 43
1778571210039 0.773238273136907 44
1778572551485 0.767636044621238 45
1778573931646 0.7809740765716635 46
1778575377727 0.7944428643600774 47
1778576831893 0.7693188273919689 48
1778578207001 0.7840707915541305 49
1778579562791 0.7589134076752505 50
