1778509698770 0.6551264979983015 1
1778511113859 0.7835820895469229 2
1778512550857 0.7228682170495939 3
1778513949005 0.8442677269659095 4
1778515284694 0.8445807770903574 5
1778516721631 0.803571428566114 6
1778518182485 0.7809719370240865 7
1778519655693 0.8715046604469274 8
1778520991401 0.8297734627778008 9
1778522400198 0.8564814814758169 10
1778523835454 0.8634835238677642 11
1778525268187 0.8850353243359985 12
1778526591689 0.8661684782549853 13
1778528017450 0.8893306825653458 14
1778529454984 0.904542462140194 15
1778530884968 0.8664904163855487 16
1778532221786 0.854300385103631 17
1778533649491 0.8569527611386764 18
1778535075846 0.8598810310584278 19
1778536537832 0.8923493567982915 20
1778537859957 0.8670715249604112 21
1778539264412 0.8890322580587805 22
1778540705780 0.8820116054101741 23
1778542161678 0.890447561784299 24
1778543508819 0.8939808481471001 25
1778544889684 0.900348432049475 26
1778546338857 0.9024556616582371 27
1778547788296 0.8865771812021036 28
1778549162291 0.8969002695357352 29
1778550518879 0.8935309972985612 30
1778551962175 0.8947019867490418 31
1778553409919 0.8833445718079344 32
1778554785753 0.8994708994649506 33
1778556185089 0.9042071197352479 34
1778557696823 0.9054497701844686 35
1778559219294 0.8874999999941613 36
1778560652922 0.8803088803032155 37
1778562073398 0.9006044324989886 38
1778563595609 0.9005376344025502 39
1778565176923 0.8986842105204035 40
1778566674782 0.9056237879708752 41
1778568183681 0.9038332212447624 42
1778569705216 0.9135313531292837 43
1778571210039 0.90384615384036 44
1778572551485 0.8946308724772173 45
1778573931646 0.9226110363329569 46
1778575377727 0.9015444015386002 47
1778576831893 0.9050505050444105 48
1778578207001 0.9121482498221541 49
1778579562791 0.8951935914492979 50
