1778509698770 -0.03570527210831642 1
1778511113859 -0.10661087930202484 2
1778512550857 -0.21193630993366241 3
1778513949005 -0.3168947696685791 4
1778515284694 -0.4214267432689667 5
1778516721631 -0.525705873966217 6
1778518182485 -0.6292856931686401 7
1778519655693 -0.7318786978721619 8
1778520991401 -0.8333953619003296 9
1778522400198 -0.9336832165718079 10
1778523835454 -1.032371163368225 11
1778525268187 -1.1293944120407104 12
1778526591689 -1.2245515584945679 13
1778528017450 -1.317508578300476 14
1778529454984 -1.4082757234573364 15
1778530884968 -1.4966461658477783 16
1778532221786 -1.5824697017669678 17
1778533649491 -1.6653571128845215 18
1778535075846 -1.7454224824905396 19
1778536537832 -1.8224817514419556 20
1778537859957 -1.896400809288025 21
1778539264412 -1.9671406745910645 22
1778540705780 -2.0348238945007324 23
1778542161678 -2.098921537399292 24
1778543508819 -2.1597301959991455 25
1778544889684 -2.2170798778533936 26
1778546338857 -2.2710490226745605 27
1778547788296 -2.3215835094451904 28
1778549162291 -2.3687446117401123 29
1778550518879 -2.4124209880828857 30
1778551962175 -2.4528276920318604 31
1778553409919 -2.489915132522583 32
1778554785753 -2.5238730907440186 33
1778556185089 -2.5546634197235107 34
1778557696823 -2.582304000854492 35
1778559219294 -2.607125997543335 36
1778560652922 -2.6289637088775635 37
1778562073398 -2.6481103897094727 38
1778563595609 -2.664875030517578 39
1778565176923 -2.6792232990264893 40
1778566674782 -2.691382646560669 41
1778568183681 -2.701465129852295 42
1778569705216 -2.709693193435669 43
1778571210039 -2.716265916824341 44
1778572551485 -2.721421241760254 45
1778573931646 -2.7253332138061523 46
1778575377727 -2.7281947135925293 47
1778576831893 -2.7302324771881104 48
1778578207001 -2.73173451423645 49
1778579562791 -2.732947587966919 50
