1778509698770 -0.03736232593655586 1
1778511113859 -0.10895421355962753 2
1778512550857 -0.21407108008861542 3
1778513949005 -0.3175694942474365 4
1778515284694 -0.4195554852485657 5
1778516721631 -0.5218711495399475 6
1778518182485 -0.6221631169319153 7
1778519655693 -0.7196087837219238 8
1778520991401 -0.8159195184707642 9
1778522400198 -0.9099053144454956 10
1778523835454 -1.0014543533325195 11
1778525268187 -1.0912222862243652 12
1778526591689 -1.1766895055770874 13
1778528017450 -1.2573864459991455 14
1778529454984 -1.3344577550888062 15
1778530884968 -1.4064725637435913 16
1778532221786 -1.4758336544036865 17
1778533649491 -1.5384583473205566 18
1778535075846 -1.5967001914978027 19
1778536537832 -1.6485564708709717 20
1778537859957 -1.6925326585769653 21
1778539264412 -1.7340505123138428 22
1778540705780 -1.77247953414917 23
1778542161678 -1.80465829372406 24
1778543508819 -1.831933617591858 25
1778544889684 -1.8530720472335815 26
1778546338857 -1.876520037651062 27
1778547788296 -1.8965351581573486 28
1778549162291 -1.9134457111358643 29
1778550518879 -1.9272342920303345 30
1778551962175 -1.9404301643371582 31
1778553409919 -1.9529072046279907 32
1778554785753 -1.9652912616729736 33
1778556185089 -1.9741145372390747 34
1778557696823 -1.9830833673477173 35
1778559219294 -1.991113305091858 36
1778560652922 -1.9978299140930176 37
1778562073398 -2.0031561851501465 38
1778563595609 -2.0078890323638916 39
1778565176923 -2.012101411819458 40
1778566674782 -2.0153579711914062 41
1778568183681 -2.018425464630127 42
1778569705216 -2.0205230712890625 43
1778571210039 -2.02253794670105 44
1778572551485 -2.0240578651428223 45
1778573931646 -2.0251271724700928 46
1778575377727 -2.0258448123931885 47
1778576831893 -2.026498556137085 48
1778578207001 -2.026979446411133 49
1778579562791 -2.027341604232788 50
