1778509698770 3.3333333333333335e-05 1
1778511113859 6.666666666666667e-05 2
1778512550857 0.0001 3
1778513949005 9.988946049184609e-05 4
1778515284694 9.955833566366162e-05 5
1778516721631 9.900810439931104e-05 6
1778518182485 9.824122416519163e-05 7
1778519655693 9.726112003459197e-05 8
1778520991401 9.607216939048322e-05 9
1778522400198 9.467968237506411e-05 10
1778523835454 9.308987817337689e-05 11
1778525268187 9.130985723691713e-05 12
1778526591689 8.93475695712937e-05 13
1778528017450 8.72117792295739e-05 14
1778529454984 8.491202516989479e-05 15
1778530884968 8.245857865216071e-05 16
1778532221786 7.986239736410308e-05 17
1778533649491 7.713507648158695e-05 18
1778535075846 7.428879688174084e-05 19
1778536537832 7.133627074020258e-05 20
1778537859957 6.829068475545687e-05 21
1778539264412 6.516564125383888e-05 22
1778540705780 6.197509743824264e-05 23
1778542161678 5.873330305186492e-05 24
1778543508819 5.545473673539287e-05 25
1778544889684 5.2154041361879886e-05 26
1778546338857 4.884595863812011e-05 27
1778547788296 4.554526326460713e-05 28
1778549162291 4.226669694813506e-05 29
1778550518879 3.902490256175736e-05 30
1778551962175 3.5834358746161124e-05 31
1778553409919 3.270931524454311e-05 32
1778554785753 2.9663729259797427e-05 33
1778556185089 2.6711203118259156e-05 34
1778557696823 2.3864923518413056e-05 35
1778559219294 2.113760263589692e-05 36
1778560652922 1.854142134783928e-05 37
1778562073398 1.6087974830105205e-05 38
1778563595609 1.3788220770426098e-05 39
1778565176923 1.165243042870628e-05 40
1778566674782 9.690142763082875e-06 41
1778568183681 7.91012182662311e-06 42
1778569705216 6.320317624935883e-06 43
1778571210039 4.92783060951678e-06 44
1778572551485 3.7388799654080136e-06 45
1778573931646 2.7587758348083646e-06 46
1778575377727 1.9918956006889555e-06 47
1778576831893 1.4416643363383885e-06 48
1778578207001 1.1105395081539185e-06 49
1778579562791 1.0000000000000002e-06 50
