1778509698770 0.2672375654890424 1
1778511113859 0.20006121739035562 2
1778512550857 0.18396282778609366 3
1778513949005 0.17288899016522224 4
1778515284694 0.16897913418000654 5
1778516721631 0.15547432095876762 6
1778518182485 0.15259936549833844 7
1778519655693 0.15501794261591775 8
1778520991401 0.14936382959641162 9
1778522400198 0.14666700753427686 10
1778523835454 0.14471353074269636 11
1778525268187 0.13819644815510226 12
1778526591689 0.13862529624076117 13
1778528017450 0.13843868507515816 14
1778529454984 0.1363413090897458 15
1778530884968 0.1344414252326602 16
1778532221786 0.12911358999709288 17
1778533649491 0.13051262194556848 18
1778535075846 0.12851058449063982 19
1778536537832 0.12812503468422662 20
1778537859957 0.12933187784538383 21
1778539264412 0.12468840165507225 22
1778540705780 0.12342010399770169 23
1778542161678 0.12285665529824438 24
1778543508819 0.12357089380068438 25
1778544889684 0.12535384768531435 26
1778546338857 0.11956464926756563 27
1778547788296 0.11847672043102128 28
1778549162291 0.11914082456557523 29
1778550518879 0.1200819738705953 30
1778551962175 0.1173792171088003 31
1778553409919 0.11668991022166751 32
1778554785753 0.11304574559132258 33
1778556185089 0.11565416709652969 34
1778557696823 0.11251836416267214 35
1778559219294 0.11159591651211183 36
1778560652922 0.11221106618288018 37
1778562073398 0.11443148429372481 38
1778563595609 0.11204731312890848 39
1778565176923 0.1120752527901814 40
1778566674782 0.11162270650799785 41
1778568183681 0.10961570628696964 42
1778569705216 0.1119812886931357 43
1778571210039 0.10757810647643748 44
1778572551485 0.10946832861573923 45
1778573931646 0.11017117040497916 46
1778575377727 0.10924563570036774 47
1778576831893 0.10743351972883657 48
1778578207001 0.10622403492707581 49
1778579562791 0.10867542837524698 50
