1778509698770 0.0705184654891491 1
1778511113859 0.0396456668703329 2
1778512550857 0.03538536715010802 3
1778513949005 0.0335160788645347 4
1778515284694 0.03254188460697021 5
1778516721631 0.030989777003193185 6
1778518182485 0.030396582866531043 7
1778519655693 0.03055569356396085 8
1778520991401 0.02949758587316388 9
1778522400198 0.029199514135363556 10
1778523835454 0.028852663831341833 11
1778525268187 0.028082158218714452 12
1778526591689 0.02801280775151792 13
1778528017450 0.027730454127526 14
1778529454984 0.0274051324863519 15
1778530884968 0.02700915026079331 16
1778532221786 0.026473665197512933 17
1778533649491 0.0262202282267667 18
1778535075846 0.02605815843191175 19
1778536537832 0.02591310720092484 20
1778537859957 0.02585913261309976 21
1778539264412 0.02540886189079001 22
1778540705780 0.024849849324673413 23
1778542161678 0.024856474053646837 24
1778543508819 0.02457071461581758 25
1778544889684 0.02460713378375485 26
1778546338857 0.024268976014462255 27
1778547788296 0.0239783191042287 28
1778549162291 0.02369227682284656 29
1778550518879 0.023606376055450667 30
1778551962175 0.023387718193587804 31
1778553409919 0.02329570463104617 32
1778554785753 0.022835117747031508 33
1778556185089 0.022707230062889203 34
1778557696823 0.022698316426415528 35
1778559219294 0.022250106765755586 36
1778560652922 0.02252552002047499 37
1778562073398 0.022689143491997604 38
1778563595609 0.022198100359666916 39
1778565176923 0.022058911445062786 40
1778566674782 0.02188194496645814 41
1778568183681 0.021841528780226195 42
1778569705216 0.02191674184497623 43
1778571210039 0.021924289236554786 44
1778572551485 0.021537572714899266 45
1778573931646 0.02154270928530466 46
1778575377727 0.02185334984922693 47
1778576831893 0.02163611008386527 48
1778578207001 0.021430291103287823 49
1778579562791 0.021844432115820902 50
