1778509698770 0.30668484337982677 1
1778511113859 0.11321925574115345 2
1778512550857 -0.06317414437021528 3
1778513949005 -0.2610042715640295 4
1778515284694 -0.44627523764258337 5
1778516721631 -0.6455306916719391 6
1778518182485 -0.8248997878460657 7
1778519655693 -0.9877619375785192 8
1778520991401 -1.1638610979488917 9
1778522400198 -1.3280774613505317 10
1778523835454 -1.485174875202633 11
1778525268187 -1.650959115482512 12
1778526591689 -1.7891625042188735 13
1778528017450 -1.9216223726953778 14
1778529454984 -2.0533988395191374 15
1778530884968 -2.1781622302532195 16
1778532221786 -2.311581070082528 17
1778533649491 -2.4088405978111993 18
1778535075846 -2.513296528203147 19
1778536537832 -2.60327778617541 20
1778537859957 -2.676527727331434 21
1778539264412 -2.777971152010418 22
1778540705780 -2.857873533226195 23
1778542161678 -2.9242821626436144 24
1778543508819 -2.979633425303868 25
1778544889684 -3.0200859055064972 26
1778546338857 -3.108164184888204 27
1778547788296 -3.162998033932277 28
1778549162291 -3.2023712338720047 29
1778550518879 -3.2337658381462098 30
1778551962175 -3.2882483769598463 31
1778553409919 -3.3247615437280564 32
1778554785753 -3.3840484304655165 33
1778556185089 -3.392178428513663 34
1778557696823 -3.4371304053351994 35
1778559219294 -3.4697945072537375 36
1778560652922 -3.4791465749059403 37
1778562073398 -3.4755620772497995 38
1778563595609 -3.5132562242235457 39
1778565176923 -3.5264035602978296 40
1778566674782 -3.5419890507062277 41
1778568183681 -3.5657146128018695 42
1778569705216 -3.5534020436377753 43
1778571210039 -3.5918115750948587 44
1778572551485 -3.5876349082447234 45
1778573931646 -3.5855046287037076 46
1778575377727 -3.5901901314372107 47
1778576831893 -3.6090178487414404 48
1778578207001 -3.6226423404330297 49
1778579562791 -3.598660982336317 50
