1778509698770 0.5902362010024843 1
1778511113859 0.36074049768703326 2
1778512550857 0.1780654867064385 3
1778513949005 -0.0261918700947648 4
1778515284694 -0.22663431916208493 5
1778516721631 -0.4370193677785851 6
1778518182485 -0.6200614183218707 7
1778519655693 -0.783037781580573 8
1778520991401 -0.965195462050892 9
1778522400198 -1.1325379049068405 10
1778523835454 -1.2935011890672503 11
1778525268187 -1.463806035085803 12
1778526591689 -1.5998233981217658 13
1778528017450 -1.7312795148435094 14
1778529454984 -1.8670077442129454 15
1778530884968 -1.9976407194705237 16
1778532221786 -2.1296230457226435 17
1778533649491 -2.2285189918251262 18
1778535075846 -2.3345348424712817 19
1778536537832 -2.4227558967045377 20
1778537859957 -2.496547821093173 21
1778539264412 -2.598109131512188 22
1778540705780 -2.681875616482326 23
1778542161678 -2.748876264279797 24
1778543508819 -2.8094987641062055 25
1778544889684 -2.8503886434010095 26
1778546338857 -2.940911035055206 27
1778547788296 -2.9883691471673193 28
1778549162291 -3.0342497221912654 29
1778550518879 -3.0639784321898507 30
1778551962175 -3.1243885954079174 31
1778553409919 -3.1598986610060646 32
1778554785753 -3.2211283404628435 33
1778556185089 -3.2286840018771943 34
1778557696823 -3.274777603284234 35
1778559219294 -3.3098985753243877 36
1778560652922 -3.3179234133164086 37
1778562073398 -3.3153447241726375 38
1778563595609 -3.355443646808465 39
1778565176923 -3.370414239522957 40
1778566674782 -3.3891362671625047 41
1778568183681 -3.4115255083924247 42
1778569705216 -3.3993518651383265 43
1778571210039 -3.433728288135358 44
1778572551485 -3.4351015417632604 45
1778573931646 -3.4337007537768 46
1778575377727 -3.434685846907752 47
1778576831893 -3.4536973478396735 48
1778578207001 -3.468267793641204 49
1778579562791 -3.4432724093255542 50
