1778509698770 0.0 1
1778511113859 0.0 2
1778512550857 0.0 3
1778513949005 0.0 4
1778515284694 0.0 5
1778516721631 0.0 6
1778518182485 0.0 7
1778519655693 0.0 8
1778520991401 0.0 9
1778522400198 0.0 10
1778523835454 0.0 11
1778525268187 0.0 12
1778526591689 0.0 13
1778528017450 0.0 14
1778529454984 0.0 15
1778530884968 0.0 16
1778532221786 0.0 17
1778533649491 0.0 18
1778535075846 0.0 19
1778536537832 0.0 20
1778537859957 0.0 21
1778539264412 0.0 22
1778540705780 0.0 23
1778542161678 0.0 24
1778543508819 0.0 25
1778544889684 0.0 26
1778546338857 0.0 27
1778547788296 0.0 28
1778549162291 0.0 29
1778550518879 0.0 30
1778551962175 0.0 31
1778553409919 0.0 32
1778554785753 0.0 33
1778556185089 0.0 34
1778557696823 0.0 35
1778559219294 0.0 36
1778560652922 0.0 37
1778562073398 0.0 38
1778563595609 0.0 39
1778565176923 0.0 40
1778566674782 0.0 41
1778568183681 0.0 42
1778569705216 0.0 43
1778571210039 0.0 44
1778572551485 0.0 45
1778573931646 0.0 46
1778575377727 0.0 47
1778576831893 0.0 48
1778578207001 0.0 49
1778579562791 0.0 50
