1778555580635 0.0025575447569678375 1
1778555838284 0.5843520782253214 2
1778556101061 0.6713615023316581 3
1778556366413 0.6774999999830625 4
1778556630950 0.808080808060402 5
1778556897677 0.8358585858374783 6
1778557158366 0.8123393315986545 7
1778557426562 0.8490099009690839 8
1778557688163 0.8395989974726917 9
1778557955838 0.8774509803706507 10
1778558221958 0.8746736292199824 11
1778558487771 0.8700265251758613 12
1778558753920 0.8603351955066946 13
1778559022579 0.9076086956275106 14
1778559288764 0.8859416445388344 15
1778559539408 0.8894736841871191 16
1778559778867 0.897297297273046 17
1778560028187 0.8736263736023728 18
1778560284303 0.8799999999779999 19
1778560540047 0.893899204220321 20
