1778555580635 0.1999999996 1
1778555838284 0.30484693877162183 2
1778556101061 0.451104100939257 3
1778556366413 0.6674876847126234 4
1778556630950 0.6779661016805516 5
1778556897677 0.5100154083126346 6
1778557158366 0.5724637681055713 7
1778557426562 0.614695340490776 8
1778557688163 0.6673306772775432 9
1778557955838 0.6520947176566103 10
1778558221958 0.7082452431139906 11
1778558487771 0.6444007858419567 12
1778558753920 0.6637931034339699 13
1778559022579 0.6162361623502539 14
1778559288764 0.7106382978572204 15
1778559539408 0.5382165605009838 16
1778559778867 0.5460526315699662 17
1778560028187 0.6437246963432445 18
1778560284303 0.6861598440412054 19
1778560540047 0.697722567273339 20
