1778555580635 0.005050504800913184 1
1778555838284 0.4006705738611585 2
1778556101061 0.5396226366917766 3
1778556366413 0.672456570665973 4
1778556630950 0.7373271839614347 5
1778556897677 0.6334928182474577 6
1778557158366 0.6716259249976002 7
1778557426562 0.7130977082110209 8
1778557688163 0.7436181970466162 9
1778557955838 0.748171363953927 10
1778558221958 0.7827102754108166 11
1778558487771 0.7404063156360287 12
1778558753920 0.7493917225588292 13
1778559022579 0.7340659292326048 14
1778559288764 0.7886658746166274 15
1778559539408 0.6706349159242726 16
1778559778867 0.6789366005991945 17
1778560028187 0.7412587363562467 18
1778560284303 0.7710843324090987 19
1778560540047 0.7837209252902921 20
