1778555580635 -0.006669818423688412 1
1778555838284 -0.020255543291568756 2
1778556101061 -0.040634527802467346 3
1778556366413 -0.06095011532306671 4
1778556630950 -0.0811501145362854 5
1778556897677 -0.10117145627737045 6
1778557158366 -0.12102920562028885 7
1778557426562 -0.14065967500209808 8
1778557688163 -0.16005785763263702 9
1778557955838 -0.17919394373893738 10
1778558221958 -0.19801387190818787 11
1778558487771 -0.2164922058582306 12
1778558753920 -0.23462475836277008 13
1778559022579 -0.2523556053638458 14
1778559288764 -0.2696600556373596 15
1778559539408 -0.2864728569984436 16
1778559778867 -0.30281397700309753 17
1778560028187 -0.3186216354370117 18
1778560284303 -0.3338954448699951 19
1778560540047 -0.3486013412475586 20
