1778555580635 -0.00716976635158062 1
1778555838284 -0.02154172770678997 2
1778556101061 -0.042752016335725784 3
1778556366413 -0.06380150467157364 4
1778556630950 -0.08465731889009476 5
1778556897677 -0.10503455996513367 6
1778557158366 -0.1252441704273224 7
1778557426562 -0.14500130712985992 8
1778557688163 -0.16456744074821472 9
1778557955838 -0.18389901518821716 10
1778558221958 -0.20276372134685516 11
1778558487771 -0.22128237783908844 12
1778558753920 -0.23938298225402832 13
1778559022579 -0.2573627233505249 14
1778559288764 -0.27462899684906006 15
1778559539408 -0.2912933826446533 16
1778559778867 -0.3075248599052429 17
1778560028187 -0.32331401109695435 18
1778560284303 -0.3385159969329834 19
1778560540047 -0.3532257676124573 20
