1778555580635 3.3333333333333335e-05 1
1778555838284 6.666666666666667e-05 2
1778556101061 0.0001 3
1778556366413 9.988946049184609e-05 4
1778556630950 9.955833566366162e-05 5
1778556897677 9.900810439931104e-05 6
1778557158366 9.824122416519163e-05 7
1778557426562 9.726112003459197e-05 8
1778557688163 9.607216939048322e-05 9
1778557955838 9.467968237506411e-05 10
1778558221958 9.308987817337689e-05 11
1778558487771 9.130985723691713e-05 12
1778558753920 8.93475695712937e-05 13
1778559022579 8.72117792295739e-05 14
1778559288764 8.491202516989479e-05 15
1778559539408 8.245857865216071e-05 16
1778559778867 7.986239736410308e-05 17
1778560028187 7.713507648158695e-05 18
1778560284303 7.428879688174084e-05 19
1778560540047 7.133627074020258e-05 20
