1778555580635 0.440515179299947 1
1778555838284 0.2666875837427197 2
1778556101061 0.183901431772745 3
1778556366413 0.11261550162100431 4
1778556630950 0.05612628064071289 5
1778556897677 0.018255933385455246 6
1778557158366 -0.029910530819736346 7
1778557426562 -0.06250501728870651 8
1778557688163 -0.10812907109055857 9
1778557955838 -0.147285078398206 10
1778558221958 -0.18360378751249024 11
1778558487771 -0.2201938033103943 12
1778558753920 -0.2534820463771772 13
1778559022579 -0.3076082962480458 14
1778559288764 -0.3308678928649787 15
1778559539408 -0.3569703128452253 16
1778559778867 -0.39174997783971555 17
1778560028187 -0.4271862857570552 18
1778560284303 -0.45587102218408776 19
1778560540047 -0.4894953546198932 20
