1778555580635 0.33765202467188693 1
1778555838284 0.22483714466745203 2
1778556101061 0.19159746113600154 3
1778556366413 0.16795118239642393 4
1778556630950 0.15393897988880523 5
1778556897677 0.1537849408659068 6
1778557158366 0.14480098237217676 7
1778557426562 0.14734982016185919 8
1778557688163 0.13933544944633136 9
1778557955838 0.1363435329474283 10
1778558221958 0.13452418522928097 11
1778558487771 0.13218407513517322 12
1778558753920 0.13303627165956328 13
1778559022579 0.11664348562257458 14
1778559288764 0.12392755945899872 15
1778559539408 0.12654704401137853 16
1778559778867 0.12358617376197469 17
1778560028187 0.11849504020629507 18
1778560284303 0.11870113462962285 19
1778560540047 0.11395588398657062 20
