1778555580635 0.10831016524121015 1
1778555838284 0.06556614345372325 2
1778556101061 0.04717684840087337 3
1778556366413 0.03756095932777783 4
1778556630950 0.03312710997168765 5
1778556897677 0.032057513238278906 6
1778557158366 0.03022741436525577 7
1778557426562 0.030454434943620604 8
1778557688163 0.029497852464291183 9
1778557955838 0.0288599253152356 10
1778558221958 0.0290099513820476 11
1778558487771 0.028950477065988862 12
1778558753920 0.027801171086277023 13
1778559022579 0.02714953732422807 14
1778559288764 0.026476743085441564 15
1778559539408 0.02730910958853936 16
1778559778867 0.026454632452717335 17
1778560028187 0.026719674952516353 18
1778560284303 0.025970107217253457 19
1778560540047 0.0259620285113201 20
