1778555580635 0.7995803977804955 1
1778555838284 0.5377230698412115 2
1778556101061 0.4435673189735172 3
1778556366413 0.34691941203794097 4
1778556630950 0.2781554873129635 5
1778556897677 0.23396105958957863 6
1778557158366 0.19428341717205264 7
1778557426562 0.16454722683387574 8
1778557688163 0.11241349171508443 9
1778557955838 0.06726291978901083 10
1778558221958 0.03304866351413004 11
1778558487771 -0.011529300851051253 12
1778558753920 -0.04855485542705565 13
1778559022579 -0.1084278758728143 14
1778559288764 -0.1396869042079256 15
1778559539408 -0.15656456994739446 16
1778559778867 -0.19553589986430275 17
1778560028187 -0.23847131167698388 18
1778560284303 -0.27401823475204334 19
1778560540047 -0.3045877861705693 20
